<!-- html table generated in R 3.1.2 by xtable 1.7-4 package -->
<!-- Fri May 01 16:16:59 2015 -->
<table border=1>
<tr> <th>  </th> <th> tenure </th> <th> bld_band </th> <th> bld_size </th> <th> bld_type </th> <th> demo_as </th> <th> demo_eth </th> <th> demo_rel </th> <th> demo_coo </th> <th> econ_qual </th> <th> econ_act </th> <th> econ_sec </th> <th> econ_ind </th> <th> land_vacant </th> <th> land_bus </th>  </tr>
  <tr> <td align="right"> tenure </td> <td align="right"> 1.00 </td> <td align="right"> -0.06 </td> <td align="right"> -0.17 </td> <td align="right"> -0.20 </td> <td align="right"> 0.17 </td> <td align="right"> -0.04 </td> <td align="right"> 0.12 </td> <td align="right"> 0.07 </td> <td align="right"> -0.30 </td> <td align="right"> 0.43 </td> <td align="right"> 0.11 </td> <td align="right"> -0.11 </td> <td align="right"> 0.31 </td> <td align="right"> 0.23 </td> </tr>
  <tr> <td align="right"> bld_band </td> <td align="right"> -0.06 </td> <td align="right"> 1.00 </td> <td align="right"> 0.68 </td> <td align="right"> 0.48 </td> <td align="right"> -0.00 </td> <td align="right"> 0.22 </td> <td align="right"> 0.01 </td> <td align="right"> 0.29 </td> <td align="right"> 0.51 </td> <td align="right"> -0.40 </td> <td align="right"> 0.14 </td> <td align="right"> 0.23 </td> <td align="right"> -0.05 </td> <td align="right"> 0.21 </td> </tr>
  <tr> <td align="right"> bld_size </td> <td align="right"> -0.17 </td> <td align="right"> 0.68 </td> <td align="right"> 1.00 </td> <td align="right"> 0.44 </td> <td align="right"> 0.01 </td> <td align="right"> 0.27 </td> <td align="right"> -0.04 </td> <td align="right"> 0.30 </td> <td align="right"> 0.40 </td> <td align="right"> -0.32 </td> <td align="right"> 0.10 </td> <td align="right"> 0.02 </td> <td align="right"> 0.02 </td> <td align="right"> 0.19 </td> </tr>
  <tr> <td align="right"> bld_type </td> <td align="right"> -0.20 </td> <td align="right"> 0.48 </td> <td align="right"> 0.44 </td> <td align="right"> 1.00 </td> <td align="right"> 0.22 </td> <td align="right"> -0.32 </td> <td align="right"> -0.35 </td> <td align="right"> -0.15 </td> <td align="right"> 0.26 </td> <td align="right"> -0.26 </td> <td align="right"> 0.01 </td> <td align="right"> 0.09 </td> <td align="right"> -0.21 </td> <td align="right"> -0.11 </td> </tr>
  <tr> <td align="right"> demo_as </td> <td align="right"> 0.17 </td> <td align="right"> -0.00 </td> <td align="right"> 0.01 </td> <td align="right"> 0.22 </td> <td align="right"> 1.00 </td> <td align="right"> -0.37 </td> <td align="right"> -0.31 </td> <td align="right"> -0.27 </td> <td align="right"> -0.19 </td> <td align="right"> 0.35 </td> <td align="right"> -0.03 </td> <td align="right"> 0.02 </td> <td align="right"> -0.07 </td> <td align="right"> -0.01 </td> </tr>
  <tr> <td align="right"> demo_eth </td> <td align="right"> -0.04 </td> <td align="right"> 0.22 </td> <td align="right"> 0.27 </td> <td align="right"> -0.32 </td> <td align="right"> -0.37 </td> <td align="right"> 1.00 </td> <td align="right"> 0.48 </td> <td align="right"> 0.65 </td> <td align="right"> 0.27 </td> <td align="right"> -0.16 </td> <td align="right"> 0.17 </td> <td align="right"> -0.00 </td> <td align="right"> 0.11 </td> <td align="right"> 0.21 </td> </tr>
  <tr> <td align="right"> demo_rel </td> <td align="right"> 0.12 </td> <td align="right"> 0.01 </td> <td align="right"> -0.04 </td> <td align="right"> -0.35 </td> <td align="right"> -0.31 </td> <td align="right"> 0.48 </td> <td align="right"> 1.00 </td> <td align="right"> 0.33 </td> <td align="right"> 0.06 </td> <td align="right"> 0.05 </td> <td align="right"> 0.07 </td> <td align="right"> -0.04 </td> <td align="right"> 0.21 </td> <td align="right"> 0.13 </td> </tr>
  <tr> <td align="right"> demo_coo </td> <td align="right"> 0.07 </td> <td align="right"> 0.29 </td> <td align="right"> 0.30 </td> <td align="right"> -0.15 </td> <td align="right"> -0.27 </td> <td align="right"> 0.65 </td> <td align="right"> 0.33 </td> <td align="right"> 1.00 </td> <td align="right"> 0.18 </td> <td align="right"> -0.17 </td> <td align="right"> 0.58 </td> <td align="right"> -0.06 </td> <td align="right"> 0.10 </td> <td align="right"> 0.21 </td> </tr>
  <tr> <td align="right"> econ_qual </td> <td align="right"> -0.30 </td> <td align="right"> 0.51 </td> <td align="right"> 0.40 </td> <td align="right"> 0.26 </td> <td align="right"> -0.19 </td> <td align="right"> 0.27 </td> <td align="right"> 0.06 </td> <td align="right"> 0.18 </td> <td align="right"> 1.00 </td> <td align="right"> -0.69 </td> <td align="right"> 0.16 </td> <td align="right"> 0.24 </td> <td align="right"> -0.14 </td> <td align="right"> 0.09 </td> </tr>
  <tr> <td align="right"> econ_act </td> <td align="right"> 0.43 </td> <td align="right"> -0.40 </td> <td align="right"> -0.32 </td> <td align="right"> -0.26 </td> <td align="right"> 0.35 </td> <td align="right"> -0.16 </td> <td align="right"> 0.05 </td> <td align="right"> -0.17 </td> <td align="right"> -0.69 </td> <td align="right"> 1.00 </td> <td align="right"> -0.19 </td> <td align="right"> -0.07 </td> <td align="right"> 0.29 </td> <td align="right"> 0.00 </td> </tr>
  <tr> <td align="right"> econ_sec </td> <td align="right"> 0.11 </td> <td align="right"> 0.14 </td> <td align="right"> 0.10 </td> <td align="right"> 0.01 </td> <td align="right"> -0.03 </td> <td align="right"> 0.17 </td> <td align="right"> 0.07 </td> <td align="right"> 0.58 </td> <td align="right"> 0.16 </td> <td align="right"> -0.19 </td> <td align="right"> 1.00 </td> <td align="right"> -0.12 </td> <td align="right"> -0.02 </td> <td align="right"> 0.05 </td> </tr>
  <tr> <td align="right"> econ_ind </td> <td align="right"> -0.11 </td> <td align="right"> 0.23 </td> <td align="right"> 0.02 </td> <td align="right"> 0.09 </td> <td align="right"> 0.02 </td> <td align="right"> -0.00 </td> <td align="right"> -0.04 </td> <td align="right"> -0.06 </td> <td align="right"> 0.24 </td> <td align="right"> -0.07 </td> <td align="right"> -0.12 </td> <td align="right"> 1.00 </td> <td align="right"> -0.00 </td> <td align="right"> 0.06 </td> </tr>
  <tr> <td align="right"> land_vacant </td> <td align="right"> 0.31 </td> <td align="right"> -0.05 </td> <td align="right"> 0.02 </td> <td align="right"> -0.21 </td> <td align="right"> -0.07 </td> <td align="right"> 0.11 </td> <td align="right"> 0.21 </td> <td align="right"> 0.10 </td> <td align="right"> -0.14 </td> <td align="right"> 0.29 </td> <td align="right"> -0.02 </td> <td align="right"> -0.00 </td> <td align="right"> 1.00 </td> <td align="right"> 0.19 </td> </tr>
  <tr> <td align="right"> land_bus </td> <td align="right"> 0.23 </td> <td align="right"> 0.21 </td> <td align="right"> 0.19 </td> <td align="right"> -0.11 </td> <td align="right"> -0.01 </td> <td align="right"> 0.21 </td> <td align="right"> 0.13 </td> <td align="right"> 0.21 </td> <td align="right"> 0.09 </td> <td align="right"> 0.00 </td> <td align="right"> 0.05 </td> <td align="right"> 0.06 </td> <td align="right"> 0.19 </td> <td align="right"> 1.00 </td> </tr>
   </table>
